34 0.61796875 0.50859375 0.0484375 0.0390625
11 0.6 0.5078125 0.009375 0.021875
18 0.60703125 0.50859375 0.0078125 0.0234375
18 0.61171875 0.50703125 0.0078125 0.0203125
7 0.61953125 0.5078125 0.0078125 0.021875
1 0.62578125 0.509375 0.0078125 0.021875
9 0.63046875 0.509375 0.0078125 0.01875
6 0.63671875 0.509375 0.0078125 0.01875
34 0.25390625 0.6046875 0.0515625 0.0375
11 0.23515625 0.6046875 0.0078125 0.021875
13 0.24140625 0.6046875 0.0078125 0.021875
33 0.2484375 0.60390625 0.00625 0.0203125
0 0.25625 0.6046875 0.00625 0.021875
5 0.26171875 0.60546875 0.0078125 0.0234375
3 0.26953125 0.6046875 0.0078125 0.021875
6 0.27578125 0.60546875 0.0078125 0.0234375